Francesco,Scanni,Borlopepesqoqqa,ff@gmail.com,Borlopepesqoqqa123!!!
Francesco,Scanni,Ok!!,ff@gmail.com,fhdjkskdjfhjdks467382!
Francesco,Scanni,Ok!!,stella.morisco@libero.it,fjdnkmls,mdkfnkdem123!
Francesco,Scanni,Ok!!,fff@gmail.com,gfdsdfghgf123!
